,tweet_id,favorites,retweet_count
0,666020888022790149,2494,487
1,666029285002620928,125,46
2,666033412701032449,121,43
3,666044226329800704,285,135
4,666049248165822465,103,41
5,666050758794694657,129,56
6,666051853826850816,1178,814
7,666055525042405380,420,229
8,666057090499244032,281,133
9,666058600524156928,108,56
10,666063827256086533,457,205
11,666071193221509120,140,55
12,666073100786774016,309,153
13,666082916733198337,108,42
14,666094000022159362,158,69
15,666099513787052032,147,63
16,666102155909144576,75,11
17,666104133288665088,13860,6235
18,666268910803644416,99,32
19,666273097616637952,166,75
20,666287406224695296,141,63
21,666293911632134144,481,336
22,666337882303524864,189,88
23,666345417576210432,282,130
24,666353288456101888,211,71
25,666362758909284353,751,543
26,666373753744588802,179,86
27,666396247373291520,161,81
28,666407126856765440,103,37
29,666411507551481857,426,316
30,666418789513326592,118,44
31,666421158376562688,309,111
32,666428276349472768,159,81
33,666430724426358785,306,188
34,666435652385423360,159,52
35,666437273139982337,119,45
36,666447344410484738,99,19
37,666454714377183233,504,205
38,666644823164719104,226,77
39,666649482315059201,1096,603
40,666691418707132416,185,46
41,666701168228331520,423,213
42,666739327293083650,229,64
43,666776908487630848,340,171
44,666781792255496192,376,186
45,666786068205871104,740,477
46,666804364988780544,231,91
47,666817836334096384,505,245
48,666826780179869698,248,93
49,666835007768551424,208,79
50,666837028449972224,801,544
51,666983947667116034,2510,965
52,666996132027977728,240,91
53,667012601033924608,440,217
54,667044094246576128,182,49
55,667062181243039745,212,52
56,667065535570550784,163,46
57,667073648344346624,394,122
58,667090893657276420,329,124
59,667119796878725120,324,127
60,667138269671505920,4540,2165
61,667152164079423490,47000,16728
62,667160273090932737,253,61
63,667165590075940865,2641,1121
64,667171260800061440,218,85
65,667174963120574464,237,80
66,667176164155375616,604,455
67,667177989038297088,188,55
68,667182792070062081,14156,6092
69,667188689915760640,733,408
70,667192066997374976,380,102
71,667200525029539841,603,257
72,667211855547486208,484,241
73,667369227918143488,359,161
74,667393430834667520,190,53
75,667405339315146752,458,218
76,667435689202614272,303,83
77,667437278097252352,444,232
78,667443425659232256,770,567
79,667453023279554560,306,88
80,667455448082227200,188,59
81,667470559035432960,251,97
82,667491009379606528,525,223
83,667495797102141441,510,263
84,667502640335572993,528,216
85,667509364010450944,6709,2097
86,667517642048163840,366,189
87,667524857454854144,1673,1095
88,667530908589760512,459,234
89,667534815156183040,808,524
90,667538891197542400,202,65
91,667544320556335104,852,520
92,667546741521195010,333,121
93,667549055577362432,5727,2255
94,667550882905632768,0,32
95,667550904950915073,0,34
96,667724302356258817,477,315
97,667728196545200128,376,147
98,667766675769573376,439,213
99,667773195014021121,234,55
100,667782464991965184,404,244
101,667793409583771648,693,329
102,667801013445750784,326,96
103,667806454573760512,1046,488
104,667832474953625600,290,61
105,667861340749471744,237,76
106,667866724293877760,2984,1020
107,667873844930215936,620,398
108,667878741721415682,387,116
109,667885044254572545,808,476
110,667886921285246976,1870,1083
111,667902449697558528,842,373
112,667911425562669056,487,302
113,667915453470232577,207,55
114,667924896115245057,297,113
115,667937095915278337,1246,779
116,668113020489474048,662,236
117,668142349051129856,567,280
118,668154635664932864,488,312
119,668171859951755264,484,192
120,668190681446379520,654,195
121,668204964695683073,553,193
122,668221241640230912,509,193
123,668226093875376128,297,102
124,668237644992782336,6154,2828
125,668248472370458624,974,480
126,668256321989451776,1296,607
127,668268907921326080,549,233
128,668274247790391296,815,228
129,668286279830867968,501,135
130,668291999406125056,240,29
131,668297328638447616,614,295
132,668466899341221888,877,515
133,668480044826800133,455,146
134,668484198282485761,420,233
135,668496999348633600,409,130
136,668507509523615744,321,105
137,668528771708952576,455,224
138,668537837512433665,249,73
139,668542336805281792,449,215
140,668544745690562560,509,220
141,668567822092664832,242,52
142,668614819948453888,611,313
143,668620235289837568,199,41
144,668623201287675904,1413,761
145,668625577880875008,384,131
146,668627278264475648,315,114
147,668631377374486528,708,314
148,668633411083464705,2787,1624
149,668636665813057536,1032,485
150,668641109086707712,1073,537
151,668643542311546881,871,529
152,668645506898350081,883,523
153,668655139528511488,527,219
154,668779399630725120,705,373
155,668815180734689280,570,267
156,668826086256599040,430,136
157,668852170888998912,450,166
158,668872652652679168,520,300
159,668892474547511297,395,152
160,668902994700836864,316,102
161,668932921458302977,262,58
162,668955713004314625,278,72
163,668960084974809088,698,236
164,668975677807423489,1298,577
165,668979806671884288,794,350
166,668981893510119424,533,304
167,668986018524233728,551,169
168,668988183816871936,892,466
169,668989615043424256,677,329
170,668992363537309700,740,345
171,668994913074286592,439,227
172,669000397445533696,20797,6353
173,669006782128353280,574,249
174,669015743032369152,736,374
175,669037058363662336,649,311
176,669203728096960512,999,474
177,669214165781868544,436,165
178,669216679721873412,1187,404
179,669324657376567296,495,207
180,669327207240699904,572,115
181,669328503091937280,1015,419
182,669351434509529089,435,185
183,669353438988365824,638,263
184,669354382627049472,2693,1277
185,669359674819481600,369,122
186,669363888236994561,613,224
187,669367896104181761,458,153
188,669371483794317312,496,179
189,669375718304980992,1323,728
190,669393256313184256,364,75
191,669564461267722241,384,123
192,669567591774625800,234,55
193,669571471778410496,1583,1015
194,669573570759163904,432,139
195,669583744538451968,1486,923
196,669597912108789760,512,151
197,669603084620980224,944,364
198,669625907762618368,3510,1812
199,669661792646373376,799,433
200,669680153564442624,662,288
201,669682095984410625,347,134
202,669683899023405056,387,111
203,669749430875258880,265,65
204,669753178989142016,805,398
205,669923323644657664,232,55
206,669926384437997569,371,101
207,669942763794931712,500,161
208,669970042633789440,302,59
209,669972011175813120,445,159
210,669993076832759809,325,84
211,670003130994700288,332,92
212,670037189829525505,585,273
213,670040295598354432,751,110
214,670046952931721218,643,173
215,670055038660800512,667,332
216,670061506722140161,763,339
217,670069087419133954,623,237
218,670073503555706880,1570,784
219,670079681849372674,2214,1227
220,670086499208155136,693,250
221,670093938074779648,1020,333
222,670290420111441920,698,285
223,670303360680108032,427,130
224,670319130621435904,3857,1223
225,670338931251150849,421,110
226,670361874861563904,327,66
227,670374371102445568,745,269
228,670385711116361728,552,204
229,670403879788544000,431,155
230,670408998013820928,554,223
231,670411370698022913,2009,889
232,670417414769758208,567,316
233,670420569653809152,626,314
234,670421925039075328,1297,628
235,670427002554466305,521,162
236,670428280563085312,1368,621
237,670433248821026816,327,114
238,670434127938719744,1392,648
239,670435821946826752,1048,513
240,670442337873600512,640,199
241,670444955656130560,6698,1979
242,670449342516494336,1188,657
243,670452855871037440,546,204
244,670465786746662913,970,551
245,670468609693655041,349,86
246,670474236058800128,1507,745
247,670668383499735048,10656,5017
248,670676092097810432,245,42
249,670679630144274432,745,279
250,670691627984359425,589,244
251,670704688707301377,766,372
252,670717338665226240,1199,496
253,670727704916926465,820,360
254,670733412878163972,957,511
255,670755717859713024,435,109
256,670764103623966721,1063,417
257,670778058496974848,325,72
258,670780561024270336,783,287
259,670782429121134593,1549,769
260,670783437142401025,817,389
261,670786190031921152,600,201
262,670789397210615808,655,243
263,670792680469889025,823,277
264,670797304698376195,735,238
265,670803562457407488,340,87
266,670804601705242624,1941,958
267,670807719151067136,1150,492
268,670811965569282048,1120,271
269,670815497391357952,3157,1535
270,670822709593571328,607,94
271,670823764196741120,769,188
272,670826280409919488,5509,4039
273,670832455012716544,728,217
274,670833812859932673,441,123
275,670838202509447168,1100,693
276,670840546554966016,589,193
277,670842764863651840,24495,8681
278,670995969505435648,1102,292
279,671109016219725825,1135,439
280,671115716440031232,1363,778
281,671122204919246848,3477,2510
282,671134062904504320,744,196
283,671138694582165504,916,401
284,671141549288370177,1153,658
285,671147085991960577,667,224
286,671151324042559489,665,153
287,671154572044468225,709,218
288,671159727754231808,369,82
289,671163268581498880,1650,1103
290,671166507850801152,866,350
291,671182547775299584,1113,344
292,671186162933985280,734,210
293,671347597085433856,953,426
294,671355857343524864,480,115
295,671357843010908160,397,148
296,671362598324076544,1099,295
297,671390180817915904,1429,737
298,671485057807351808,759,232
299,671486386088865792,576,201
300,671488513339211776,1008,467
301,671497587707535361,908,444
302,671504605491109889,6978,3536
303,671511350426865664,1598,718
304,671518598289059840,951,292
305,671520732782923777,1396,529
306,671528761649688577,838,263
307,671533943490011136,1012,581
308,671536543010570240,1163,405
309,671538301157904385,924,398
310,671542985629241344,1088,563
311,671544874165002241,1967,1045
312,671547767500775424,1345,600
313,671561002136281088,12756,7218
314,671729906628341761,8472,4342
315,671735591348891648,1436,752
316,671743150407421952,742,235
317,671744970634719232,1350,775
318,671763349865160704,1672,918
319,671768281401958400,1185,512
320,671789708968640512,7036,3485
321,671855973984772097,903,440
322,671866342182637568,1109,494
323,671874878652489728,1242,555
324,671879137494245376,1410,676
325,671882082306625538,3450,1380
326,671891728106971137,1326,576
327,671896809300709376,8471,4158
328,672068090318987265,1286,518
329,672082170312290304,935,366
330,672095186491711488,1000,371
331,672125275208069120,2393,1144
332,672139350159835138,1744,702
333,672160042234327040,871,357
334,672169685991993344,1011,369
335,672205392827572224,2256,1158
336,672222792075620352,779,214
337,672231046314901505,1824,1011
338,672239279297454080,891,322
339,672245253877968896,682,160
340,672248013293752320,1712,607
341,672254177670729728,1424,743
342,672256522047614977,2801,1545
343,672264251789176834,1135,339
344,672267570918129665,1491,618
345,672272411274932228,6430,3374
346,672466075045466113,1351,536
347,672475084225949696,1421,700
348,672481316919734272,716,125
349,672482722825261057,1129,599
350,672488522314567680,1108,440
351,672523490734551040,633,172
352,672538107540070400,1027,365
353,672591271085670400,720,184
354,672591762242805761,947,335
355,672594978741354496,1322,608
356,672604026190569472,1105,401
357,672609152938721280,1107,388
358,672614745925664768,1217,586
359,672622327801233409,1296,491
360,672640509974827008,973,325
361,672828477930868736,1252,495
362,672834301050937345,1307,569
363,672877615439593473,1029,364
364,672884426393653248,1541,838
365,672898206762672129,904,428
366,672902681409806336,1358,509
367,672964561327235073,1411,640
368,672968025906282496,1309,548
369,672970152493887488,941,360
370,672975131468300288,1671,905
371,672980819271634944,1819,1014
372,672984142909456390,1251,546
373,672988786805112832,981,295
374,672995267319328768,948,295
375,672997845381865473,1967,726
376,673148804208660480,1679,633
377,673213039743795200,2241,844
378,673240798075449344,1416,736
379,673270968295534593,1059,368
380,673295268553605120,7509,3170
381,673317986296586240,875,261
382,673320132811366400,13437,7952
383,673342308415348736,1268,588
384,673343217010679808,969,272
385,673345638550134785,2499,1274
386,673350198937153538,745,216
387,673352124999274496,1652,538
388,673355879178194945,1488,575
389,673359818736984064,1449,674
390,673363615379013632,1021,308
391,673576835670777856,1386,564
392,673580926094458881,834,274
393,673583129559498752,1183,366
394,673612854080196609,1595,727
395,673636718965334016,1100,361
396,673656262056419329,719,244
397,673662677122719744,1252,366
398,673680198160809984,1373,472
399,673686845050527744,1436,444
400,673688752737402881,1267,500
401,673689733134946305,1736,657
402,673697980713705472,3800,1956
403,673700254269775872,1440,570
404,673705679337693185,1249,406
405,673707060090052608,1098,395
406,673708611235921920,1080,290
407,673709992831262724,847,277
408,673711475735838725,1040,302
409,673715861853720576,3542,2083
410,673887867907739649,929,254
411,673906403526995968,3196,1636
412,673919437611909120,1170,375
413,673956914389192708,1948,965
414,674008982932058114,1200,357
415,674014384960745472,1563,645
416,674019345211760640,1130,302
417,674024893172875264,1788,1228
418,674036086168010753,849,213
419,674038233588723717,1104,417
420,674042553264685056,724,130
421,674045139690631169,1424,645
422,674051556661161984,1447,492
423,674053186244734976,3325,1311
424,674063288070742018,6373,2224
425,674075285688614912,986,292
426,674082852460433408,756,172
427,674255168825880576,1468,557
428,674262580978937856,1304,459
429,674265582246694913,1657,856
430,674269164442398721,909,227
431,674271431610523648,1577,738
432,674291837063053312,14770,5938
433,674318007229923329,1425,521
434,674372068062928900,851,320
435,674394782723014656,1513,581
436,674410619106390016,1203,472
437,674416750885273600,681,142
438,674422304705744896,1441,543
439,674436901579923456,1117,396
440,674447403907457024,1065,357
441,674468880899788800,6250,2062
442,674632714662858753,1510,584
443,674638615994089473,1689,589
444,674644256330530816,1026,270
445,674646392044941312,1446,500
446,674664755118911488,924,257
447,674670581682434048,1607,659
448,674690135443775488,1149,470
449,674737130913071104,647,94
450,674739953134403584,1112,395
451,674743008475090944,1411,559
452,674752233200820224,1465,472
453,674754018082705410,1367,453
454,674764817387900928,790,242
455,674767892831932416,1834,797
456,674774481756377088,1124,480
457,674781762103414784,2010,1216
458,674788554665512960,819,211
459,674790488185167872,1113,252
460,674793399141146624,2520,1097
461,674800520222154752,3036,871
462,674805413498527744,863,359
463,674999807681908736,2261,1113
464,675003128568291329,1569,477
465,675006312288268288,995,231
466,675015141583413248,2722,1207
467,675047298674663426,1067,333
468,675109292475830276,2813,1148
469,675111688094527488,971,258
470,675113801096802304,1960,797
471,675135153782571009,1305,500
472,675145476954566656,2148,916
473,675146535592706048,1201,316
474,675147105808306176,946,240
475,675149409102012420,3759,1706
476,675153376133427200,6323,2628
477,675166823650848770,3637,1631
478,675334060156301312,2794,1310
479,675349384339542016,3949,2298
480,675354435921575936,32970,17258
481,675362609739206656,1057,236
482,675372240448454658,1700,521
483,675432746517426176,1535,576
484,675483430902214656,1847,991
485,675489971617296384,1308,612
486,675497103322386432,3167,1320
487,675501075957489664,17296,5920
488,675517828909424640,1299,468
489,675522403582218240,1049,294
490,675531475945709568,1195,390
491,675534494439489536,1836,426
492,675706639471788032,649,100
493,675707330206547968,1997,703
494,675710890956750848,1908,833
495,675740360753160193,1180,353
496,675781562965868544,1641,484
497,675798442703122432,10361,3454
498,675820929667219457,1058,237
499,675822767435051008,1538,549
500,675845657354215424,2298,901
501,675853064436391936,2714,1323
502,675870721063669760,1654,581
503,675878199931371520,4213,1423
504,675888385639251968,2410,976
505,675891555769696257,2154,878
506,675898130735476737,1640,584
507,676089483918516224,1330,445
508,676098748976615425,3043,1457
509,676101918813499392,2845,1189
510,676146341966438401,1936,670
511,676191832485810177,2306,1056
512,676215927814406144,1764,595
513,676219687039057920,76498,31640
514,676237365392908289,1237,297
515,676263575653122048,2104,562
516,676430933382295552,1415,352
517,676440007570247681,1739,681
518,676470639084101634,11758,4779
519,676496375194980353,1540,542
520,676533798876651520,1899,566
521,676575501977128964,2625,1140
522,676582956622721024,1216,287
523,676588346097852417,2348,806
524,676603393314578432,1177,389
525,676606785097199616,1909,448
526,676613908052996102,1098,203
527,676617503762681856,2943,1002
528,676776431406465024,5080,2065
529,676811746707918848,1439,433
530,676819651066732545,1833,684
531,676821958043033607,23400,15967
532,676864501615042560,2130,728
533,676897532954456065,2287,733
534,676936541936185344,12915,5016
535,676942428000112642,2110,772
536,676946864479084545,1746,383
537,676948236477857792,2212,889
538,676949632774234114,1331,406
539,676957860086095872,2261,827
540,676975532580409345,2831,1105
541,677187300187611136,2787,946
542,677228873407442944,3598,1678
543,677269281705472000,2032,723
544,677301033169788928,1257,418
545,677314812125323265,1672,544
546,677328882937298944,3694,1544
547,677331501395156992,1115,241
548,677334615166730240,1374,296
549,677530072887205888,1091,235
550,677547928504967168,7045,3755
551,677557565589463040,2486,1185
552,677565715327688705,1323,470
553,677573743309385728,2171,737
554,677644091929329666,1892,820
555,677662372920729601,1975,989
556,677673981332312066,3391,1543
557,677687604918272002,2530,869
558,677698403548192770,1256,331
559,677700003327029250,3457,1488
560,677716515794329600,3125,994
561,677895101218201600,4927,2156
562,677918531514703872,1380,426
563,678021115718029313,14016,6522
564,678255464182861824,1624,378
565,678278586130948096,11671,6263
566,678334497360859136,1329,265
567,678341075375947776,1764,550
568,678380236862578688,2493,939
569,678389028614488064,1912,435
570,678396796259975168,1623,431
571,678399652199309312,80908,32749
572,678410210315247616,4329,1876
573,678424312106393600,5536,2615
574,678446151570427904,4093,1615
575,678643457146150913,2092,437
576,678675843183484930,2925,1519
577,678740035362037760,3845,1735
578,678755239630127104,7292,3392
579,678764513869611008,1678,492
580,678767140346941444,3621,1403
581,678774928607469569,2872,946
582,678798276842360832,3538,1211
583,678800283649069056,2641,934
584,678969228704284672,1686,480
585,678991772295516161,2368,1214
586,679047485189439488,2300,696
587,679062614270468097,17437,8440
588,679111216690831360,6115,2645
589,679132435750195208,3040,1198
590,679148763231985668,2841,1066
591,679158373988876288,21917,8336
592,679462823135686656,32503,19475
593,679475951516934144,2140,658
594,679503373272485890,3221,1522
595,679511351870550016,3456,1309
596,679527802031484928,2703,747
597,679530280114372609,4892,2152
598,679722016581222400,1695,482
599,679729593985699840,2218,852
600,679736210798047232,2147,822
601,679777920601223168,3166,1150
602,679828447187857408,37214,14501
603,679844490799091713,2430,788
604,679854723806179328,2934,1275
605,679862121895714818,2511,648
606,679877062409191424,2024,673
607,680070545539371008,2650,907
608,680085611152338944,13131,9269
609,680100725817409536,3672,1424
610,680115823365742593,2786,935
611,680130881361686529,2346,981
612,680145970311643136,3707,1807
613,680161097740095489,2387,763
614,680176173301628928,3999,1615
615,680191257256136705,2204,522
616,680206703334408192,2913,1220
617,680221482581123072,1501,303
618,680440374763077632,1494,523
619,680473011644985345,2618,767
620,680494726643068929,1768,503
621,680497766108381184,4354,1981
622,680583894916304897,3722,1387
623,680609293079592961,2707,733
624,680798457301471234,2927,1077
625,680801747103793152,2438,847
626,680836378243002368,3553,1373
627,680889648562991104,1811,379
628,680913438424612864,2469,642
629,680934982542561280,2132,450
630,680940246314430465,3295,1087
631,680959110691590145,4698,2069
632,680970795137544192,2487,687
633,681193455364796417,3807,1539
634,681231109724700672,2472,505
635,681242418453299201,1531,557
636,681261549936340994,1498,286
637,681281657291280384,3307,1138
638,681297372102656000,3297,997
639,681302363064414209,4063,1886
640,681320187870711809,2721,776
641,681339448655802368,9559,4226
642,681523177663676416,14710,6002
643,681579835668455424,3646,1348
644,681610798867845120,1965,489
645,681654059175129088,2715,963
646,681679526984871937,1817,464
647,681694085539872773,13147,4213
648,681891461017812993,2540,849
649,681981167097122816,2885,1073
650,682003177596559360,3232,1584
651,682032003584274432,6775,2095
652,682047327939461121,3284,993
653,682059653698686977,5090,1755
654,682242692827447297,3350,1219
655,682259524040966145,4277,1254
656,682303737705140231,3152,1036
657,682389078323662849,1711,483
658,682393905736888321,2299,705
659,682406705142087680,7797,1825
660,682429480204398592,3528,1205
661,682638830361513985,2118,628
662,682662431982772225,3141,1125
663,682697186228989953,1349,373
664,682750546109968385,1563,455
665,682788441537560576,2541,1154
666,682962037429899265,37994,17289
667,683030066213818368,2217,760
668,683078886620553216,2039,581
669,683098815881154561,2228,684
670,683111407806746624,3500,941
671,683142553609318400,2970,1081
672,683357973142474752,3014,966
673,683391852557561860,7856,2476
674,683449695444799489,4011,1667
675,683462770029932544,2497,699
676,683481228088049664,2724,1033
677,683498322573824003,3264,1000
678,683742671509258241,6686,3450
679,683773439333797890,3437,1403
680,683828599284170753,2888,1103
681,683834909291606017,2706,1150
682,683849932751646720,2683,1005
683,683852578183077888,1983,363
684,683857920510050305,3916,1155
685,684097758874210310,4234,1485
686,684122891630342144,2061,489
687,684177701129875456,2071,692
688,684188786104872960,3588,1221
689,684195085588783105,1970,536
690,684200372118904832,2226,1066
691,684222868335505415,3941,1421
692,684225744407494656,1273,217
693,684241637099323392,8398,3414
694,684460069371654144,2041,575
695,684481074559381504,3996,1213
696,684538444857667585,2722,989
697,684567543613382656,3105,1274
698,684594889858887680,9182,3654
699,684800227459624960,2800,1041
700,684880619965411328,2165,852
701,684902183876321280,1933,553
702,684914660081053696,3612,1522
703,684926975086034944,3601,481
704,684940049151070208,3318,1080
705,684959798585110529,7007,3242
706,685169283572338688,4227,1479
707,685198997565345792,2408,692
708,685268753634967552,3198,1243
709,685307451701334016,2135,459
710,685315239903100929,3442,1109
711,685321586178670592,2729,669
712,685325112850124800,9754,4132
713,685532292383666176,3125,1205
714,685547936038666240,33910,16268
715,685641971164143616,3021,810
716,685663452032069632,3353,1516
717,685667379192414208,2416,594
718,685906723014619143,7728,3013
719,685943807276412928,1675,619
720,685973236358713344,2175,539
721,686003207160610816,1879,662
722,686007916130873345,2565,430
723,686034024800862208,3209,1197
724,686050296934563840,2266,747
725,686358356425093120,2256,701
726,686377065986265092,2277,586
727,686386521809772549,3354,909
728,686606069955735556,1957,559
729,686618349602762752,3800,1408
730,686683045143953408,2906,835
731,686730991906516992,4266,1241
732,686749460672679938,3582,1507
733,686947101016735744,8860,3304
734,687096057537363968,2313,624
735,687102708889812993,2409,1015
736,687109925361856513,5982,2555
737,687124485711986689,2237,516
738,687127927494963200,5619,2377
739,687312378585812992,4489,1962
740,687317306314240000,20710,9483
741,687460506001633280,2123,561
742,687476254459715584,2039,553
743,687480748861947905,1647,250
744,687494652870668288,1963,592
745,687664829264453632,1996,523
746,687704180304273409,2505,868
747,687807801670897665,2464,734
748,687818504314159109,2557,987
749,687826841265172480,2814,1171
750,688064179421470721,1785,370
751,688116655151435777,2916,808
752,688179443353796608,2185,605
753,688211956440801280,2294,861
754,688385280030670848,9557,4617
755,688519176466644993,2386,752
756,688547210804498433,2689,725
757,688789766343622656,2284,681
758,688804835492233216,991,198
759,688828561667567616,1418,384
760,688894073864884227,2304,718
761,688898160958271489,2162,817
762,688908934925697024,2176,805
763,688916208532455424,2808,903
764,689143371370250240,2066,527
765,689154315265683456,3158,1028
766,689275259254616065,1186,250
767,689280876073582592,2045,738
768,689283819090870273,3378,1145
769,689289219123089408,2318,974
770,689517482558820352,3502,1482
771,689557536375177216,2110,473
772,689599056876867584,11980,5733
773,689623661272240129,2295,662
774,689659372465688576,10660,4031
775,689661964914655233,3298,958
776,689835978131935233,2222,773
777,689877686181715968,3115,1218
778,689905486972461056,2504,719
779,689977555533848577,1407,466
780,689999384604450816,1470,384
781,690005060500217858,3768,1749
782,690015576308211712,2580,761
783,690021994562220032,2873,1066
784,690248561355657216,1725,429
785,690360449368465409,2729,919
786,690374419777196032,3351,877
787,690400367696297985,1930,469
788,690597161306841088,2022,630
789,690649993829576704,1348,288
790,690690673629138944,2391,831
791,690728923253055490,2241,536
792,690735892932222976,3893,1308
793,690932576555528194,3384,1065
794,690938899477221376,4237,2057
795,690959652130045952,3689,1297
796,691090071332753408,1762,347
797,691096613310316544,3046,910
798,691321916024623104,2645,678
799,691416866452082688,19870,7910
800,691444869282295808,2731,874
801,691459709405118465,4161,1187
802,691483041324204033,2450,580
803,691675652215414786,2003,524
804,691756958957883396,2955,1049
805,691820333922455552,4066,1723
806,692017291282812928,2946,991
807,692142790915014657,1691,407
808,692158366030913536,2205,815
809,692187005137076224,2598,847
810,692417313023332352,9588,3599
811,692530551048294401,1893,427
812,692535307825213440,3272,1410
813,692568918515392513,4475,1592
814,692752401762250755,7022,3761
815,692828166163931137,2960,911
816,692894228850999298,2344,833
817,692901601640583168,1826,622
818,692905862751522816,2506,906
819,692919143163629568,2738,779
820,693095443459342336,1919,479
821,693109034023534592,1771,641
822,693155686491000832,8095,3322
823,693231807727280129,2946,756
824,693262851218264065,2288,516
825,693280720173801472,3461,1277
826,693486665285931008,1831,653
827,693590843962331137,5196,2037
828,693622659251335168,1584,380
829,693629975228977152,2518,820
830,693642232151285760,2609,426
831,693647888581312512,2771,610
832,693942351086120961,1787,381
833,694001791655137281,3493,1064
834,694183373896572928,3032,964
835,694206574471057408,4288,2096
836,694329668942569472,2057,517
837,694352839993344000,2099,638
838,694356675654983680,1549,294
839,694669722378485760,36782,14922
840,694905863685980160,2827,963
841,695051054296211456,2738,810
842,695064344191721472,1643,618
843,695074328191332352,2927,1141
844,695095422348574720,2711,638
845,695314793360662529,3737,1508
846,695409464418041856,8902,3703
847,695446424020918272,4510,1880
848,695629776980148225,4703,2171
849,695767669421768709,1923,770
850,695794761660297217,3255,806
851,695816827381944320,3095,1209
852,696405997980676096,3293,1188
853,696488710901260288,2613,1062
854,696713835009417216,2441,669
855,696754882863349760,1528,370
856,696877980375769088,2509,730
857,696886256886657024,5005,1868
858,696894894812565505,2408,696
859,696900204696625153,3265,1052
860,697242256848379904,2585,691
861,697255105972801536,3111,1201
862,697259378236399616,3382,1037
863,697270446429966336,4814,1937
864,697463031882764288,3510,1429
865,697482927769255936,2485,695
866,697575480820686848,2100,514
867,697596423848730625,3119,1302
868,697616773278015490,3244,1041
869,697881462549430272,3103,1227
870,697943111201378304,2459,710
871,697990423684476929,3374,1339
872,697995514407682048,1566,343
873,698178924120031232,2895,767
874,698195409219559425,17251,6170
875,698262614669991936,4889,2069
876,698342080612007937,2326,981
877,698355670425473025,1922,466
878,698549713696649216,2395,641
879,698635131305795584,1327,351
880,698703483621523456,1494,394
881,698710712454139905,2537,703
882,698907974262222848,2613,646
883,698953797952008193,2780,936
884,698989035503689728,3469,1012
885,699036661657767936,2675,1233
886,699072405256409088,3081,1229
887,699079609774645248,2517,678
888,699088579889332224,2302,654
889,699323444782047232,3256,896
890,699370870310113280,1942,452
891,699413908797464576,2135,637
892,699423671849451520,1415,339
893,699434518667751424,2223,526
894,699446877801091073,6106,2701
895,699691744225525762,10546,4779
896,699775878809702401,2010,623
897,699779630832685056,2836,1286
898,699788877217865730,2301,519
899,699801817392291840,3147,987
900,700002074055016451,3411,1382
901,700029284593901568,2133,603
902,700062718104104960,2728,717
903,700143752053182464,7736,2827
904,700151421916807169,2301,693
905,700167517596164096,2718,771
906,700462010979500032,4243,1855
907,700505138482569216,2347,592
908,700518061187723268,2699,825
909,700747788515020802,23518,9668
910,700796979434098688,2508,987
911,700847567345688576,2516,518
912,700864154249383937,2663,637
913,700890391244103680,2275,589
914,701214700881756160,12568,5283
915,701545186879471618,2729,634
916,701570477911896070,2892,956
917,701601587219795968,2145,474
918,701889187134500865,3638,1434
919,701952816642965504,3931,1057
920,701981390485725185,3549,1028
921,702217446468493312,4934,1384
922,702276748847800320,2540,788
923,702321140488925184,3365,1072
924,702539513671897089,2955,989
925,702598099714314240,12517,3550
926,702671118226825216,2261,574
927,702684942141153280,3322,1108
928,702932127499816960,2667,746
929,703041949650034688,27075,12953
930,703079050210877440,7603,3198
931,703268521220972544,2022,561
932,703356393781329922,1963,398
933,703382836347330562,3603,1171
934,703407252292673536,2524,718
935,703425003149250560,3893,1418
936,703611486317502464,3960,1572
937,703631701117943808,2665,707
938,703769065844768768,3375,1178
939,703774238772166656,1887,480
940,704054845121142784,3010,943
941,704113298707505153,1899,583
942,704347321748819968,1628,359
943,704364645503647744,8226,3675
944,704480331685040129,3480,1096
945,704499785726889984,3007,1037
946,704761120771465216,6806,2993
947,704819833553219584,2715,1020
948,704847917308362754,5234,1586
949,704859558691414016,2316,562
950,704871453724954624,4390,1151
951,705066031337840642,2236,631
952,705102439679201280,2210,527
953,705223444686888960,2641,824
954,705239209544720384,3079,772
955,705428427625635840,3912,1744
956,705442520700944385,4557,1683
957,705475953783398401,3029,949
958,705591895322394625,3256,1188
959,705786532653883392,2001,536
960,705898680587526145,2426,572
961,705970349788291072,3233,918
962,705975130514706432,3194,757
963,706166467411222528,5297,1656
964,706265994973601792,2807,957
965,706291001778950144,1747,484
966,706310011488698368,21947,8226
967,706346369204748288,3542,955
968,706516534877929472,3183,1060
969,706538006853918722,3556,1466
970,706593038911545345,2218,649
971,706644897839910912,2648,1131
972,706681918348251136,3418,1001
973,706901761596989440,2123,615
974,707014260413456384,2364,610
975,707021089608753152,4194,1417
976,707038192327901184,2249,813
977,707059547140169728,2653,696
978,707297311098011648,2853,818
979,707315916783140866,2538,662
980,707377100785885184,3369,1114
981,707387676719185920,3598,1335
982,707411934438625280,2347,613
983,707420581654872064,2339,715
984,707610948723478529,17420,6581
985,707693576495472641,3518,1032
986,707741517457260545,2559,631
987,707776935007539200,3373,981
988,707969809498152960,2774,997
989,707995814724026368,3221,1161
990,708026248782585858,4489,1983
991,708109389455101952,1987,558
992,708119489313951744,2758,1011
993,708130923141795840,3482,870
994,708149363256774660,4390,1596
995,708349470027751425,2413,759
996,708356463048204288,3690,1367
997,708469915515297792,3173,842
998,708479650088034305,2622,696
999,708711088997666817,2613,745
1000,708738143638450176,2816,843
1001,708810915978854401,16928,7150
1002,708834316713893888,1723,520
1003,708845821941387268,3071,924
1004,709042156699303936,4879,1692
1005,709158332880297985,2098,429
1006,709198395643068416,2490,664
1007,709207347839836162,12893,6012
1008,709225125749587968,2465,587
1009,709409458133323776,2690,705
1010,709449600415961088,2291,591
1011,709519240576036864,1530,241
1012,709556954897764353,3378,1097
1013,709566166965075968,3630,1242
1014,709852847387627521,3602,1234
1015,709901256215666688,692,104
1016,709918798883774466,3065,1092
1017,710117014656950272,5643,2051
1018,710140971284037632,2844,911
1019,710153181850935296,2983,917
1020,710269109699739648,2457,1163
1021,710272297844797440,4652,1284
1022,710283270106132480,2199,534
1023,710588934686908417,4669,1923
1024,710658690886586372,2371,577
1025,710833117892898816,2761,551
1026,710844581445812225,2614,715
1027,710997087345876993,4680,1424
1028,711008018775851008,3067,631
1029,711306686208872448,3396,748
1030,711363825979756544,3758,1170
1031,711652651650457602,3957,943
1032,711694788429553666,33693,18921
1033,711732680602345472,9105,4257
1034,711743778164514816,2923,1014
1035,711968124745228288,8273,2386
1036,711998809858043904,0,130
1037,712065007010385924,2321,650
1038,712085617388212225,3341,498
1039,712092745624633345,3015,917
1040,712097430750289920,3884,1070
1041,712438159032893441,5463,1604
1042,712668654853337088,4274,1247
1043,712717840512598017,12660,5149
1044,712809025985978368,19019,6920
1045,713175907180089344,4577,1509
1046,713177543487135744,7401,2919
1047,713411074226274305,4530,1332
1048,713761197720473600,4998,1418
1049,713900603437621249,2913,758
1050,713919462244790272,3371,801
1051,714141408463036416,4419,1441
1052,714214115368108032,2330,902
1053,714251586676113411,3354,855
1054,714258258790387713,3101,736
1055,714606013974974464,3723,948
1056,714631576617938945,3346,1029
1057,714957620017307648,4227,1455
1058,714982300363173890,3837,1063
1059,715009755312439296,4274,1273
1060,715200624753819648,5257,1941
1061,715220193576927233,2479,674
1062,715342466308784130,3108,712
1063,715360349751484417,5601,1617
1064,715680795826982913,4430,1669
1065,715696743237730304,4005,1332
1066,715733265223708672,4781,1733
1067,715928423106027520,3269,903
1068,716080869887381504,6899,1970
1069,716285507865542656,2843,1114
1070,716439118184652801,2429,217
1071,716791146589110272,7455,1578
1072,716802964044845056,4398,1215
1073,717009362452090881,3334,1003
1074,717047459982213120,6431,1984
1075,717421804990701568,3228,868
1076,717537687239008257,5902,1896
1077,717790033953034240,2954,1152
1078,717841801130979328,2522,616
1079,718234618122661888,3974,1033
1080,718246886998687744,1981,515
1081,718454725339934721,4974,1548
1082,718460005985447936,2767,540
1083,718540630683709445,2536,1046
1084,718613305783398402,2494,496
1085,718631497683582976,19306,8296
1086,718939241951195136,5374,1815
1087,718971898235854848,3570,1118
1088,719332531645071360,3502,983
1089,719339463458033665,4522,1284
1090,719367763014393856,2863,763
1091,719551379208073216,5179,1975
1092,719704490224398336,4668,1488
1093,719991154352222208,4953,1793
1094,720043174954147842,5022,2069
1095,720059472081784833,3974,1150
1096,720340705894408192,2941,1007
1097,720389942216527872,6535,2587
1098,720415127506415616,4233,1546
1099,720775346191278080,2546,690
1100,720785406564900865,3193,791
1101,721001180231503872,2591,633
1102,721503162398597120,4738,1919
1103,722613351520608256,5090,1688
1104,722974582966214656,4202,1606
1105,723179728551723008,5411,1923
1106,723673163800948736,3091,920
1107,723688335806480385,7864,3052
1108,723912936180330496,3989,1270
1109,724004602748780546,4289,1613
1110,724046343203856385,2724,577
1111,724049859469295616,4430,1829
1112,724405726123311104,5413,1687
1113,724771698126512129,2431,659
1114,724983749226668032,3807,1347
1115,725729321944506368,5323,1847
1116,725786712245440512,4263,1406
1117,725842289046749185,7221,2740
1118,726224900189511680,4518,1180
1119,726828223124897792,3649,1032
1120,726887082820554753,3929,1560
1121,726935089318363137,7062,2530
1122,727175381690781696,3997,1426
1123,727286334147182592,3116,839
1124,727314416056803329,3417,770
1125,727524757080539137,4573,1265
1126,727644517743104000,6025,1804
1127,727685679342333952,3018,656
1128,728015554473250816,4207,1139
1129,728035342121635841,4671,1716
1130,728046963732717569,4423,1223
1131,728387165835677696,3768,989
1132,728409960103686147,5036,2070
1133,728653952833728512,3392,1069
1134,728751179681943552,2846,700
1135,728760639972315136,4790,1766
1136,728986383096946689,3231,843
1137,729113531270991872,1930,335
1138,729463711119904772,5940,2394
1139,729823566028484608,4088,1280
1140,729838605770891264,1756,396
1141,729854734790754305,4142,1166
1142,730196704625098752,4987,1988
1143,730211855403241472,3923,1086
1144,730427201120833536,3572,1082
1145,730573383004487680,5040,2213
1146,730924654643314689,6301,2046
1147,731156023742988288,3930,1311
1148,731285275100512256,3573,1011
1149,732005617171337216,15304,5613
1150,732375214819057664,8300,2600
1151,732585889486888962,3772,799
1152,732726085725589504,3634,913
1153,732732193018155009,2505,550
1154,733109485275860992,50549,17359
1155,733460102733135873,4319,1326
1156,733482008106668032,3220,977
1157,733822306246479872,3763,1046
1158,733828123016450049,3670,810
1159,734776360183431168,2580,562
1160,734787690684657664,12898,6503
1161,734912297295085568,2818,539
1162,735137028879360001,3205,997
1163,735256018284875776,3425,912
1164,735274964362878976,13349,5234
1165,735635087207878657,6345,2418
1166,735648611367784448,4120,1142
1167,735991953473572864,3692,1188
1168,736010884653420544,8107,3091
1169,736225175608430592,8336,2871
1170,736365877722001409,4096,1286
1171,736736130620620800,4407,1796
1172,737310737551491075,15087,7667
1173,737322739594330112,3696,837
1174,737445876994609152,10555,4611
1175,737678689543020544,5171,1377
1176,737800304142471168,10268,3595
1177,737826014890496000,5414,1824
1178,738156290900254721,2580,670
1179,738166403467907072,9029,3518
1180,738184450748633089,4431,1251
1181,738402415918125056,3328,865
1182,738537504001953792,5238,1611
1183,738883359779196928,3407,831
1184,738885046782832640,3877,1183
1185,739238157791694849,119195,60162
1186,739485634323156992,7377,3038
1187,739544079319588864,40762,22125
1188,739606147276148736,5513,1715
1189,739844404073074688,3909,887
1190,739932936087216128,4168,1119
1191,739979191639244800,20532,6125
1192,740214038584557568,6877,2039
1193,740359016048689152,3391,887
1194,740365076218183684,2540,444
1195,740373189193256964,35809,13776
1196,740676976021798912,18685,7054
1197,740699697422163968,2918,810
1198,740711788199743490,3507,969
1199,740995100998766593,6562,2860
1200,741067306818797568,9741,3213
1201,741303864243200000,9039,3337
1202,741438259667034112,3771,863
1203,741743634094141440,8414,2869
1204,741793263812808706,4675,1564
1205,742150209887731712,5283,1602
1206,742161199639494656,4472,1434
1207,742385895052087300,7003,2053
1208,742423170473463808,10103,3916
1209,742465774154047488,7470,4030
1210,742528092657332225,4550,2054
1211,743210557239623680,3961,1418
1212,743222593470234624,6386,1973
1213,743253157753532416,4356,1272
1214,743510151680958465,8154,3850
1215,743545585370791937,3638,976
1216,743595368194129920,18981,6811
1217,743609206067040256,4620,1433
1218,743895849529389061,3750,994
1219,743980027717509120,4292,1137
1220,744234799360020481,161349,81174
1221,744334592493166593,6976,2209
1222,744709971296780288,5776,1624
1223,744971049620602880,8133,2801
1224,744995568523612160,3055,642
1225,745057283344719872,7458,2364
1226,745314880350101504,7391,2881
1227,745422732645535745,8851,2528
1228,745433870967832576,7306,2646
1229,745712589599014916,7210,2418
1230,745789745784041472,4144,1110
1231,746056683365994496,3657,843
1232,746131877086527488,7129,2295
1233,746369468511756288,6367,1703
1234,746507379341139972,4787,1118
1235,746726898085036033,6228,1860
1236,746790600704425984,5026,1654
1237,746818907684614144,5464,1802
1238,746872823977771008,6179,2226
1239,746906459439529985,2985,310
1240,747103485104099331,9886,4145
1241,747204161125646336,3484,953
1242,747219827526344708,5464,1639
1243,747461612269887489,3990,1073
1244,747512671126323200,5705,1655
1245,747594051852075008,3806,1092
1246,747600769478692864,2394,577
1247,747816857231626240,4998,1211
1248,747844099428986880,2900,778
1249,747885874273214464,3044,1024
1250,747933425676525569,6834,2653
1251,747963614829678593,5964,2230
1252,748307329658011649,3782,736
1253,748324050481647620,3808,794
1254,748346686624440324,5387,1289
1255,748568946752774144,2259,695
1256,748575535303884801,6271,2065
1257,748692773788876800,4381,1376
1258,748699167502000129,4898,1660
1259,748705597323898880,2857,986
1260,748932637671223296,6025,2363
1261,748977405889503236,11095,3550
1262,749036806121881602,3208,819
1263,749064354620928000,4954,1580
1264,749317047558017024,5665,2321
1265,749395845976588288,8878,3597
1266,749403093750648834,2711,559
1267,749417653287129088,6310,1727
1268,749774190421639168,4819,1370
1269,749981277374128128,5288,2559
1270,749996283729883136,3161,849
1271,750011400160841729,3347,948
1272,750026558547456000,2802,821
1273,750041628174217216,3284,648
1274,750056684286914561,3255,941
1275,750071704093859840,8142,3489
1276,750086836815486976,2248,563
1277,750101899009982464,3148,880
1278,750117059602808832,4486,1362
1279,750132105863102464,3765,1345
1280,750147208377409536,3220,1003
1281,750383411068534784,4717,1191
1282,750429297815552001,13618,4475
1283,750506206503038976,4597,1187
1284,750719632563142656,13652,5261
1285,750868782890057730,4950,1441
1286,751132876104687617,5241,1355
1287,751205363882532864,6534,1905
1288,751251247299190784,12949,6155
1289,751456908746354688,3314,1047
1290,751538714308972544,5219,1318
1291,751583847268179968,4550,1157
1292,751598357617971201,8186,3174
1293,751830394383790080,5996,2038
1294,751937170840121344,5386,1404
1295,752173152931807232,6156,1918
1296,752309394570878976,0,17258
1297,752334515931054080,3945,1156
1298,752519690950500352,7635,3599
1299,752660715232722944,4551,1641
1300,752682090207055872,6205,1676
1301,752917284578922496,7148,1651
1302,753026973505581056,4046,1015
1303,753294487569522689,3499,1092
1304,753375668877008896,7913,2443
1305,753398408988139520,5980,2007
1306,753420520834629632,8215,3727
1307,753655901052166144,6040,2258
1308,754120377874386944,8148,2450
1309,754449512966619136,3889,760
1310,754482103782404096,5508,2042
1311,754747087846248448,2669,548
1312,754856583969079297,7136,2642
1313,754874841593970688,0,8336
1314,755110668769038337,22020,11609
1315,755206590534418437,17054,5599
1316,755955933503782912,7600,3018
1317,756275833623502848,6663,1598
1318,756288534030475264,44427,18274
1319,756303284449767430,4093,1140
1320,756526248105566208,10794,3767
1321,756651752796094464,5241,1367
1322,756939218950160384,6890,2106
1323,756998049151549440,6517,2077
1324,757354760399941633,4685,1494
1325,757393109802180609,6039,1818
1326,757400162377592832,15719,7170
1327,757596066325864448,4493,1105
1328,757597904299253760,0,309
1329,757611664640446465,4739,1160
1330,757725642876129280,4703,1269
1331,757729163776290825,0,8440
1332,757741869644341248,7133,3411
1333,758041019896193024,2806,390
1334,758355060040593408,3543,1135
1335,758405701903519748,5397,2022
1336,758467244762497024,4981,2327
1337,758474966123810816,3958,1042
1338,758740312047005698,5948,1687
1339,758828659922702336,11610,4028
1340,758854675097526272,3685,935
1341,759047813560868866,6752,2121
1342,759099523532779520,15083,4363
1343,759159934323924993,0,1223
1344,759197388317847553,6291,2044
1345,759447681597108224,8834,2553
1346,759557299618865152,4876,1230
1347,759566828574212096,0,22125
1348,759793422261743616,6193,1992
1349,759846353224826880,6973,2069
1350,759923798737051648,15239,5949
1351,760190180481531904,5927,1890
1352,760252756032651264,4104,908
1353,760290219849637889,27882,12065
1354,760539183865880579,7880,3803
1355,760641137271070720,5156,1350
1356,760656994973933572,6876,2001
1357,760893934457552897,3963,1023
1358,761004547850530816,11774,3643
1359,761227390836215808,5516,1632
1360,761292947749015552,4640,1149
1361,761334018830917632,5404,1521
1362,761371037149827077,0,18921
1363,761599872357261312,4286,1236
1364,761672994376806400,51504,30538
1365,761745352076779520,4430,897
1366,761750502866649088,0,4132
1367,761976711479193600,5612,2111
1368,762035686371364864,33226,16355
1369,762316489655476224,4993,1180
1370,762464539388485633,10720,4394
1371,762471784394268675,11714,6780
1372,762699858130116608,12652,3803
1373,763103485927849985,7662,2395
1374,763183847194451968,5606,1551
1375,763837565564780549,13100,4379
1376,764259802650378240,6278,1587
1377,764857477905154048,6696,1860
1378,765222098633691136,12090,3550
1379,765371061932261376,7376,2267
1380,765395769549590528,27569,3576
1381,765669560888528897,5411,1278
1382,765719909049503744,7530,2247
1383,766008592277377025,3907,521
1384,766069199026450432,4437,897
1385,766078092750233600,0,2740
1386,766313316352462849,7065,1975
1387,766423258543644672,6267,1675
1388,766693177336135680,4189,833
1389,766793450729734144,5289,1419
1390,767122157629476866,10551,2996
1391,767191397493538821,12780,3981
1392,767500508068192258,7798,2455
1393,767754930266464257,16705,5665
1394,767884188863397888,4963,1463
1395,768193404517830656,11355,3741
1396,768473857036525572,14209,3616
1397,768596291618299904,5239,1344
1398,768609597686943744,4289,1266
1399,768855141948723200,4377,937
1400,768970937022709760,15033,6869
1401,769212283578875904,5636,1805
1402,769695466921623552,6663,1745
1403,769940425801170949,32715,10107
1404,770069151037685760,7895,2413
1405,770093767776997377,0,3213
1406,770293558247038976,6499,1568
1407,770414278348247044,6570,2189
1408,770655142660169732,7631,1845
1409,770772759874076672,5405,1493
1410,770787852854652928,5153,1278
1411,771004394259247104,0,229
1412,771014301343748096,7157,1738
1413,771102124360998913,6516,1512
1414,771136648247640064,9545,3078
1415,771171053431250945,0,7952
1416,771380798096281600,10955,5371
1417,771500966810099713,8624,2761
1418,771770456517009408,12527,3582
1419,772102971039580160,4181,983
1420,772114945936949249,2831,499
1421,772117678702071809,3929,782
1422,772152991789019136,3958,1180
1423,772193107915964416,6310,1461
1424,772581559778025472,6762,1783
1425,772615324260794368,0,3550
1426,772826264096874500,8373,2468
1427,772877495989305348,8940,4086
1428,773191612633579521,10427,4355
1429,773247561583001600,9844,3417
1430,773308824254029826,24293,7876
1431,773547596996571136,23065,6517
1432,773670353721753600,5557,1375
1433,773704687002451968,6902,1711
1434,773922284943896577,6682,1836
1435,773985732834758656,11191,4085
1436,774314403806253056,22762,5869
1437,774639387460112384,7017,1822
1438,774757898236878852,8947,1876
1439,775085132600442880,16258,4989
1440,775364825476165632,7753,3144
1441,775729183532220416,13511,4847
1442,775733305207554048,14478,4221
1443,775842724423557120,12249,2821
1444,775898661951791106,0,17359
1445,776088319444877312,1919,160
1446,776113305656188928,12275,4597
1447,776201521193218049,10041,2664
1448,776218204058357768,31338,16872
1449,776477788987613185,9242,2938
1450,776813020089548800,5097,1288
1451,776819012571455488,0,14501
1452,777189768882946048,14949,4552
1453,777621514455814149,9158,2629
1454,777641927919427584,0,4475
1455,777684233540206592,11750,3105
1456,777885040357281792,6647,1722
1457,778027034220126208,6854,1710
1458,778039087836069888,8872,2783
1459,778286810187399168,10875,3481
1460,778383385161035776,6116,1164
1461,778396591732486144,0,12953
1462,778408200802557953,14293,4585
1463,778624900596654080,4851,1065
1464,778650543019483137,6034,1590
1465,778748913645780993,7215,1393
1466,778990705243029504,20928,7647
1467,779056095788752897,15487,4793
1468,779123168116150273,12370,3873
1469,779377524342161408,9233,3293
1470,779834332596887552,19843,7503
1471,780192070812196864,9099,2372
1472,780459368902959104,5537,1140
1473,780476555013349377,0,121
1474,780496263422808064,0,3916
1475,780543529827336192,6599,1834
1476,780601303617732608,12675,3532
1477,780800785462489090,5760,1380
1478,780858289093574656,7534,2124
1479,780931614150983680,22655,7767
1480,781163403222056960,10253,2899
1481,781251288990355457,8835,2216
1482,781524693396357120,21749,5899
1483,781661882474196992,10943,2864
1484,781955203444699136,11651,3558
1485,782021823840026624,0,6581
1486,782305867769217024,17463,5917
1487,782598640137187329,8160,1993
1488,782722598790725632,18106,5715
1489,782747134529531904,7836,1485
1490,782969140009107456,25290,7794
1491,783085703974514689,8540,2348
1492,783334639985389568,30612,12411
1493,783347506784731136,0,5938
1494,783391753726550016,17695,5834
1495,783466772167098368,8866,2378
1496,783695101801398276,10949,3410
1497,783821107061198850,7713,2078
1498,783839966405230592,31494,11452
1499,784431430411685888,5978,1367
1500,784517518371221505,9401,2693
1501,784826020293709826,10623,3435
1502,785170936622350336,12654,5144
1503,785264754247995392,7628,1736
1504,785533386513321988,9565,2122
1505,785639753186217984,8209,2363
1506,785872687017132033,7023,1934
1507,785927819176054784,11949,3368
1508,786036967502913536,0,7503
1509,786233965241827333,16056,5069
1510,786363235746385920,11450,3722
1511,786595970293370880,9895,3308
1512,786664955043049472,11182,2716
1513,786709082849828864,19139,6492
1514,786963064373534720,27964,8476
1515,787322443945877504,8193,1856
1516,787397959788929025,11407,3015
1517,787717603741622272,10751,2961
1518,787810552592695296,9131,3253
1519,788039637453406209,6466,1408
1520,788070120937619456,0,3643
1521,788150585577050112,6453,1381
1522,788178268662984705,7604,2250
1523,788412144018661376,16360,5628
1524,788765914992902144,28816,10964
1525,788908386943430656,28822,13212
1526,789137962068021249,10210,2981
1527,789268448748703744,9592,2766
1528,789530877013393408,12385,3600
1529,789599242079838210,7116,2048
1530,789628658055020548,7902,1894
1531,789986466051088384,9722,2464
1532,790277117346975746,13212,3382
1533,790337589677002753,8229,1986
1534,790581949425475584,21756,7651
1535,790698755171364864,8636,2041
1536,790723298204217344,0,2464
1537,790946055508652032,17510,4998
1538,790987426131050500,10385,2271
1539,791026214425268224,0,4379
1540,791312159183634433,9249,2700
1541,791406955684368384,13806,4393
1542,791672322847637504,12361,3328
1543,792050063153438720,7542,1923
1544,792394556390137856,14143,4567
1545,792773781206999040,7733,1788
1546,792883833364439040,11901,4548
1547,792913359805018113,15100,4247
1548,793120401413079041,13364,4166
1549,793135492858580992,6800,2649
1550,793150605191548928,6511,1811
1551,793165685325201412,9919,2964
1552,793180763617361921,7310,2126
1553,793195938047070209,16087,6004
1554,793210959003287553,9410,2989
1555,793226087023144960,10362,3058
1556,793241302385262592,11071,3497
1557,793256262322548741,21064,8903
1558,793271401113350145,9132,2535
1559,793286476301799424,25911,9798
1560,793500921481273345,11262,2536
1561,793601777308463104,8401,1735
1562,793614319594401792,0,3328
1563,793845145112371200,9711,1992
1564,793962221541933056,17702,5201
1565,794205286408003585,9698,3534
1566,794332329137291264,10082,2833
1567,794355576146903043,0,10964
1568,794926597468000259,10818,2457
1569,794983741416415232,0,3600
1570,795076730285391872,17078,5793
1571,795400264262053889,10624,3072
1572,795464331001561088,52391,25357
1573,796031486298386433,11400,3943
1574,796080075804475393,8917,2474
1575,796116448414461957,9602,2573
1576,796149749086875649,34010,15258
1577,796177847564038144,0,15258
1578,796387464403357696,11583,4443
1579,796484825502875648,7987,1879
1580,796759840936919040,12478,3257
1581,796865951799083009,8089,2025
1582,797236660651966464,21012,7074
1583,797545162159308800,15298,5173
1584,797971864723324932,12262,3341
1585,798209839306514432,10932,2730
1586,798340744599797760,0,3582
1587,798628517273620480,0,2097
1588,798644042770751489,0,1979
1589,798665375516884993,0,4158
1590,798673117451325440,0,5920
1591,798694562394996736,0,5283
1592,798697898615730177,0,6920
1593,798925684722855936,7848,1515
1594,798933969379225600,13809,4775
1595,799063482566066176,8504,2635
1596,799297110730567681,10423,2948
1597,799422933579902976,8481,2045
1598,799757965289017345,8834,2311
1599,799774291445383169,0,4989
1600,800018252395122689,29880,14041
1601,800141422401830912,16119,2717
1602,800388270626521089,11738,2995
1603,800443802682937345,0,4597
1604,800459316964663297,9988,2304
1605,800513324630806528,13829,3205
1606,800751577355128832,11076,2963
1607,801115127852503040,8501,2235
1608,801167903437357056,25806,6326
1609,801285448605831168,6369,884
1610,801538201127157760,8625,2200
1611,801958328846974976,8134,1818
1612,802239329049477120,9537,2790
1613,802265048156610565,6946,1448
1614,802323869084381190,17054,6210
1615,802572683846291456,9416,2676
1616,802624713319034886,0,3105
1617,802952499103731712,9501,2138
1618,803276597545603072,10550,2623
1619,803380650405482500,8156,1979
1620,803638050916102144,11534,4386
1621,803692223237865472,0,7910
1622,803773340896923648,10565,2942
1623,804026241225523202,46882,17239
1624,804413760345620481,0,3435
1625,804738756058218496,14418,4086
1626,805207613751304193,8199,1816
1627,805487436403003392,9246,2695
1628,805520635690676224,6049,1754
1629,805826884734976000,6912,1953
1630,805932879469572096,8709,2040
1631,805958939288408065,0,5715
1632,806219024703037440,6766,1271
1633,806242860592926720,0,12411
1634,806542213899489280,10751,2505
1635,806629075125202948,78789,37027
1636,807010152071229440,13729,4088
1637,807059379405148160,0,7794
1638,807106840509214720,124653,59198
1639,807621403335917568,15301,3895
1640,808001312164028416,13200,3769
1641,808106460588765185,9211,2348
1642,808134635716833280,0,6326
1643,808501579447930884,11861,2764
1644,808733504066486276,8312,2310
1645,808838249661788160,10624,3253
1646,809084759137812480,13897,3750
1647,809220051211603969,20930,5975
1648,809448704142938112,7287,1558
1649,809808892968534016,0,5201
1650,809920764300447744,16271,4172
1651,810254108431155201,15427,3564
1652,810284430598270976,37099,12098
1653,810657578271330305,11522,2822
1654,810896069567610880,9492,1890
1655,810984652412424192,5609,1537
1656,811386762094317568,21929,6787
1657,811627233043480576,13413,3304
1658,811744202451197953,7928,1696
1659,811985624773361665,7625,1494
1660,812372279581671427,14373,3904
1661,812466873996607488,8382,2049
1662,812503143955202048,6371,1301
1663,812709060537683968,6954,1517
1664,812781120811126785,7956,2036
1665,813051746834595840,21980,7811
1666,813066809284972545,8358,2072
1667,813081950185472002,10350,2947
1668,813096984823349248,11040,3839
1669,813112105746448384,10816,2929
1670,813127251579564032,12425,3329
1671,813142292504645637,8862,2513
1672,813157409116065792,8135,2351
1673,813172488309972993,9752,2039
1674,813187593374461952,20825,4643
1675,813202720496779264,9650,1912
1676,813217897535406080,19573,7773
1677,813800681631023104,8754,1871
1678,813812741911748608,38169,14846
1679,813910438903693312,9752,1986
1680,813944609378369540,0,3382
1681,814153002265309185,30188,9221
1682,814530161257443328,9057,1965
1683,814638523311648768,11806,2876
1684,814986499976527872,8017,1368
1685,815390420867969024,10854,4032
1686,815639385530101762,8613,1741
1687,815736392542261248,10308,2406
1688,815966073409433600,23461,8986
1689,815990720817401858,5210,1098
1690,816014286006976512,0,5613
1691,816091915477250048,9356,2289
1692,816336735214911488,9007,2067
1693,816450570814898180,31979,8611
1694,816697700272001025,10256,2326
1695,816816676327063552,10499,2162
1696,816829038950027264,0,4998
1697,817056546584727552,8986,1743
1698,817120970343411712,12765,2756
1699,817171292965273600,9142,2138
1700,817181837579653120,0,8986
1701,817415592588222464,5870,1019
1702,817423860136083457,35631,15739
1703,817536400337801217,12330,3181
1704,817777686764523521,11215,2849
1705,817827839487737858,54151,28761
1706,818145370475810820,12825,2736
1707,818259473185828864,11518,2415
1708,818536468981415936,11403,2619
1709,818588835076603904,0,6517
1710,818614493328580609,10301,2731
1711,818627210458333184,23353,7956
1712,819004803107983360,90686,38949
1713,819006400881917954,47250,20026
1714,819015331746349057,0,20026
1715,819015337530290176,0,38949
1716,819227688460238848,24124,7105
1717,819347104292290561,7538,1274
1718,819588359383371776,10014,2088
1719,819711362133872643,14038,3302
1720,819924195358416896,13465,5141
1721,819952236453363712,5559,1254
1722,820078625395449857,20686,6628
1723,820314633777061888,3481,601
1724,820446719150292993,0,2717
1725,820690176645140481,12739,3410
1726,820749716845686786,32909,10446
1727,821044531881721856,13204,2423
1728,821107785811234820,10009,2247
1729,821149554670182400,9076,2122
1730,821407182352777218,12290,4579
1731,821522889702862852,8374,1874
1732,821765923262631936,8776,1746
1733,821813639212650496,0,3532
1734,821886076407029760,11821,2459
1735,822244816520155136,36501,10414
1736,822462944365645825,29522,15344
1737,822489057087389700,18927,6752
1738,822610361945911296,15413,3123
1739,822647212903690241,0,6752
1740,822859134160621569,13813,2415
1741,822872901745569793,137531,45957
1742,822975315408461824,18020,3629
1743,823269594223824897,0,10414
1744,823322678127919110,16397,4245
1745,823581115634085888,13567,2785
1746,823699002998870016,14498,2653
1747,823939628516474880,11073,2867
1748,824297048279236611,15679,4069
1749,824325613288833024,12283,11006
1750,824663926340194305,10494,1830
1751,824775126675836928,15547,3709
1752,824796380199809024,0,5793
1753,825026590719483904,6593,1353
1754,825147591692263424,19039,4790
1755,825535076884762624,54256,18166
1756,825829644528148480,13247,2617
1757,825876512159186944,10876,1976
1758,826115272272650244,16283,3301
1759,826204788643753985,5066,975
1760,826240494070030336,13801,2733
1761,826476773533745153,19154,4435
1762,826598365270007810,10454,2472
1763,826848821049180160,37833,10734
1764,826958653328592898,22409,5276
1765,827199976799354881,10979,2360
1766,827324948884643840,16444,3209
1767,827600520311402496,7689,991
1768,827653905312006145,16055,3160
1769,827933404142436356,20882,5500
1770,828011680017821696,10751,2260
1771,828046555563323392,12202,3010
1772,828372645993398273,13039,3099
1773,828376505180889089,7669,1124
1774,828381636999917570,13105,2336
1775,828408677031882754,7965,1359
1776,828409743546925057,6561,1215
1777,828650029636317184,9870,1419
1778,828708714936930305,37939,11797
1779,828770345708580865,26515,6162
1780,829011960981237760,55018,17096
1781,829141528400556032,25362,7751
1782,829449946868879360,10858,2120
1783,829501995190984704,32916,11145
1784,829861396166877184,12674,2054
1785,829878982036299777,0,5276
1786,830097400375152640,10181,3124
1787,830583320585068544,69268,17598
1788,830956169170665475,8254,1565
1789,831262627380748289,12336,2139
1790,831309418084069378,12154,2570
1791,831315979191906304,6763,1172
1792,831322785565769729,9563,1611
1793,831552930092285952,9301,2407
1794,831650051525054464,7431,2029
1795,831670449226514432,10812,1897
1796,831911600680497154,28613,6814
1797,831939777352105988,24808,6415
1798,832032802820481025,18458,4875
1799,832040443403784192,0,10107
1800,832215726631055365,0,9798
1801,832273440279240704,11704,2446
1802,832369877331693569,17758,3336
1803,832397543355072512,12336,2318
1804,832636094638288896,16385,2911
1805,832757312314028032,17387,3784
1806,832769181346996225,0,39
1807,832998151111966721,13729,2310
1808,833124694597443584,20872,5051
1809,833479644947025920,15340,2137
1810,833722901757046785,21439,3355
1811,833826103416520705,18606,3908
1812,833863086058651648,13861,2502
1813,834086379323871233,13480,2303
1814,834167344700198914,16302,3804
1815,834209720923721728,21275,4976
1816,834458053273591808,9930,1758
1817,834574053763584002,14112,2648
1818,834786237630337024,21919,5725
1819,834931633769889797,11172,1722
1820,835152434251116546,23172,3152
1821,835172783151792128,26977,5993
1822,835264098648616962,7968,1777
1823,835297930240217089,16959,3124
1824,835574547218894849,18354,3768
1825,836001077879255040,19679,4450
1826,836260088725786625,21940,4462
1827,836380477523124226,15208,3097
1828,836677758902222849,12991,2309
1829,836753516572119041,19877,4818
1830,836989968035819520,13105,2383
1831,837110210464448512,16531,2477
1832,837471256429613056,13174,2364
1833,837482249356513284,3945,460
1834,837820167694528512,35176,8174
1835,838083903487373313,18137,3272
1836,838476387338051585,23232,4974
1837,838561493054533637,11239,1378
1838,838916489579200512,0,36
1839,838921590096166913,11488,2143
1840,839239871831150596,27964,6770
1841,839290600511926273,0,148
1842,839549326359670784,28247,8047
1843,839990271299457024,13785,2374
1844,840268004936019968,19798,5919
1845,840370681858686976,16915,4709
1846,840632337062862849,9229,1821
1847,840696689258311684,12613,1015
1848,841077006473256960,23462,5481
1849,841314665196081154,16234,4833
1850,841439858740625411,12959,3807
1851,841680585030541313,26312,8036
1852,841833993020538882,0,15739
1853,842115215311396866,14352,3137
1854,842163532590374912,25087,5989
1855,842535590457499648,18539,3618
1856,842765311967449089,6915,1322
1857,842846295480000512,15614,3735
1858,843235543001513987,22036,6221
1859,843604394117681152,17285,2836
1860,843856843873095681,21937,4767
1861,844223788422217728,13946,2268
1862,844580511645339650,16856,3229
1863,844973813909606400,15446,3302
1864,844979544864018432,13926,2635
1865,845306882940190720,23847,5549
1866,845397057150107648,7799,1856
1867,845677943972139009,25701,4918
1868,845812042753855489,29898,8966
1869,846042936437604353,16331,2953
1870,846153765933735936,32324,9304
1871,846514051647705089,45499,11894
1872,846874817362120707,20478,4018
1873,847116187444137987,21834,3267
1874,847157206088847362,20309,6004
1875,847251039262605312,20848,4391
1876,847606175596138505,19116,3497
1877,847842811428974592,5552,1361
1878,847962785489326080,23935,5215
1879,847971574464610304,0,442
1880,848212111729840128,16607,3130
1881,848324959059550208,25171,4700
1882,848690551926992896,25589,4412
1883,849051919805034497,43065,8671
1884,849336543269576704,11569,1941
1885,849412302885593088,16108,3209
1886,849776966551130114,30918,7743
1887,850019790995546112,20717,4971
1888,850145622816686080,16553,3877
1889,850380195714523136,13243,2659
1890,850753642995093505,31291,9362
1891,851224888060895234,20911,5815
1892,851464819735769094,24514,7182
1893,851591660324737024,16405,3528
1894,851861385021730816,0,20
1895,852189679701164033,11567,1606
1896,852226086759018497,20190,6909
1897,852311364735569921,33430,10040
1898,852553447878664193,16471,3547
1899,852672615818899456,15041,2177
1900,852912242202992640,9135,1850
1901,853299958564483072,15607,3588
1902,853639147608842240,34992,10198
1903,853760880890318849,28715,5808
1904,854010172552949760,16254,3179
1905,854120357044912130,32106,7535
1906,854365224396361728,18937,4717
1907,854482394044301312,29361,6905
1908,854732716440526848,22873,6101
1909,855459453768019968,29894,8232
1910,855851453814013952,45505,17870
1911,856282028240666624,27653,6288
1912,856526610513747968,11815,1874
1913,856543823941562368,16215,2879
1914,857029823797047296,18837,3988
1915,857263160327368704,19912,4491
1916,857393404942143489,5862,1634
1917,857746408056729600,34039,10571
1918,857989990357356544,16028,2571
1919,858107933456039936,15618,2886
1920,858471635011153920,21340,4801
1921,858843525470990336,15429,3456
1922,859074603037188101,33571,13470
1923,859196978902773760,89023,29841
1924,859607811541651456,18410,1549
1925,859851578198683649,15261,3467
1926,859924526012018688,19369,4030
1927,860184849394610176,16487,5774
1928,860276583193509888,18126,3436
1929,860524505164394496,23344,5208
1930,860563773140209665,7426,2123
1931,860924035999428608,0,797
1932,861005113778896900,16504,3748
1933,861288531465048066,16972,4077
1934,861383897657036800,35644,10517
1935,862096992088072192,73379,22798
1936,862457590147678208,20209,4868
1937,862722525377298433,16815,3469
1938,862831371563274240,18891,5038
1939,863062471531167744,8359,2390
1940,863079547188785154,8632,1082
1941,863432100342583297,23441,5127
1942,863553081350529029,15047,4097
1943,863907417377173506,20267,4041
1944,864197398364647424,29584,8704
1945,864279568663928832,14352,2952
1946,864873206498414592,31701,8497
1947,865006731092295680,27499,7490
1948,865359393868664832,25977,4878
1949,865718153858494464,25160,5481
1950,866334964761202691,51482,13996
1951,866450705531457537,119887,34352
1952,866686824827068416,18898,3382
1953,867051520902168576,31562,7655
1954,867072653475098625,0,119
1955,867421006826221569,15768,2428
1956,867774946302451713,33227,7138
1957,867900495410671616,23675,4065
1958,868552278524837888,9880,2027
1959,868622495443632128,26120,5146
1960,868880397819494401,63993,14003
1961,869227993411051520,19944,3659
1962,869596645499047938,15593,3038
1963,869702957897576449,27567,6126
1964,869772420881756160,41420,9730
1965,870063196459192321,35706,8042
1966,870308999962521604,21314,4023
1967,870374049280663552,80650,25438
1968,870656317836468226,12067,2554
1969,870804317367881728,32718,5976
1970,871032628920680449,22086,3676
1971,871515927908634625,19608,3333
1972,871762521631449091,19697,3354
1973,871879754684805121,36749,10668
1974,872122724285648897,33396,7819
1975,872486979161796608,39545,8662
1976,872620804844003328,20145,3521
1977,872820683541237760,14276,3554
1978,872967104147763200,26480,5183
1979,873213775632977920,6988,1524
1980,873580283840344065,23480,3772
1981,874012996292530176,33446,9911
1982,874057562936811520,21999,3785
1983,874296783580663808,25226,3939
1984,874680097055178752,26963,4442
1985,875021211251597312,24659,4518
1986,875144289856114688,21228,4709
1987,875747767867523072,24365,4083
1988,876120275196170240,27041,4462
1989,876484053909872640,18174,2282
1990,876838120628539392,20030,3188
1991,877201837425926144,26217,5329
1992,877316821321428993,26499,4944
1993,877556246731214848,21968,3641
1994,877611172832227328,0,78
1995,877736472329191424,76940,18151
1996,878057613040115712,40670,6479
1997,878281511006478336,7480,1230
1998,878776093423087618,18757,3921
1999,879008229531029506,18341,2564
2000,879050749262655488,21776,4469
2001,879376492567855104,16249,2965
2002,879415818425184262,102301,42178
2003,879492040517615616,22668,3022
2004,879862464715927552,21585,3324
2005,880095782870896641,26698,4125
2006,880221127280381952,26093,4010
2007,880465832366813184,27543,5936
2008,880872448815771648,20559,3637
2009,880935762899988482,16473,2658
2010,881268444196462592,22371,4962
2011,881536004380872706,47734,15180
2012,881666595344535552,48892,10145
2013,881906580714921986,23482,3235
2014,882045870035918850,28313,4668
2015,882268110199369728,43375,11007
2016,882627270321602560,26978,5776
2017,882762694511734784,27319,4650
2018,882992080364220416,23094,3725
2019,883117836046086144,35880,6323
2020,883360690899218434,21913,3527
2021,883482846933004288,44343,9409
2022,883838122936631299,21121,3277
2023,884162670584377345,19664,2837
2024,884441805382717440,26098,5393
2025,884562892145688576,23459,4460
2026,884876753390489601,26926,5315
2027,884925521741709313,74628,17250
2028,885167619883638784,21161,4158
2029,885311592912609280,0,17598
2030,885528943205470208,34730,6103
2031,885984800019947520,31482,6420
2032,886258384151887873,27019,5987
2033,886366144734445568,20433,3024
2034,886680336477933568,21660,4228
2035,886736880519319552,11602,3078
2036,886983233522544640,33881,7310
2037,887101392804085760,29525,5661
2038,887343217045368832,32504,9907
2039,887473957103951883,66503,17165
2040,887517139158093824,44718,11124
2041,887705289381826560,29145,5110
2042,888078434458587136,21020,3298
2043,888554962724278272,19134,3343
2044,888804989199671297,24697,4045
2045,888917238123831296,28138,4268
2046,889278841981685760,24371,5092
2047,889531135344209921,14605,2140
2048,889638837579907072,26164,4279
2049,889665388333682689,46447,9519
2050,889880896479866881,26884,4731
2051,890006608113172480,29629,6953
2052,890240255349198849,30815,6991
2053,890609185150312448,26887,4055
2054,890729181411237888,62980,17918
2055,890971913173991426,11416,1951
2056,891087950875897856,19551,2956
2057,891327558926688256,38882,8885
2058,891689557279858688,40659,8197
2059,891815181378084864,24217,3948
2060,892177421306343426,32112,5966
2061,892420643555336193,37363,8037
